Sample	0	1	2	3	4	5	6	7	8	9	10	11	12	13	14	15
S1E11_DKDL250003486-1A_22YL5KLT3_L6_1	(1.0, 74.84306200932075)	(2.0, 14.460591144141302)	(3.0, 3.055986541423088)	(4.0, 1.109358294983287)	(5.0, 0.6215988471737661)	(6.0, 0.42343914601942073)	(7.0, 0.32791043562220973)	(8.0, 0.29644435336363895)	(9.0, 0.28301615547307646)	('>10', 2.9561665037846696)	('>50', 0.5854025129478001)	('>100', 0.6808001924904025)	('>500', 0.07249530578794132)	('>1k', 0.2330433500220309)	('>5k', 0.0)	('>10k+', 0.05068520744664234)
S1E11_DKDL250003486-1A_22YL5KLT3_L6_2	(1.0, 75.66532845284938)	(2.0, 13.92873835562248)	(3.0, 2.919771009183518)	(4.0, 1.0430481528325908)	(5.0, 0.6521247233687539)	(6.0, 0.39943794536119925)	(7.0, 0.3592671599974717)	(8.0, 0.3068255603612444)	(9.0, 0.29244623105624706)	('>10', 2.7222941244291374)	('>50', 0.5303389425612735)	('>100', 0.5169934009433421)	('>500', 0.07353268214436048)	('>1k', 0.15383274029694358)	('>5k', 0.02880256132727393)	('>10k+', 0.4072179576646661)
S1E11_val_1	(1.0, 75.17910508876493)	(2.0, 14.550930677972831)	(3.0, 3.050950381973128)	(4.0, 1.0978891731948173)	(5.0, 0.6099927173547429)	(6.0, 0.4022993901454407)	(7.0, 0.3185986224904017)	(8.0, 0.28501811518386927)	(9.0, 0.2755864877894886)	('>10', 2.8951637103085273)	('>50', 0.5616603782656902)	('>100', 0.643033735594077)	('>500', 0.043553659149460223)	('>1k', 0.03509151214991481)	('>5k', 0.0)	('>10k+', 0.05112634966266025)
S1E11_val_2	(1.0, 75.85584322246764)	(2.0, 14.057102566810793)	(3.0, 2.9352523144911347)	(4.0, 1.041051077535902)	(5.0, 0.6363759105196275)	(6.0, 0.3851730060058063)	(7.0, 0.36198805416959723)	(8.0, 0.2953422604032662)	(9.0, 0.28596294585566245)	('>10', 2.6730870571769136)	('>50', 0.5183790221902879)	('>100', 0.47395537447747643)	('>500', 0.035039978455787456)	('>1k', 0.0428493045848161)	('>5k', 0.02908869600133898)	('>10k+', 0.37350920885385575)
S1E12_DKDL250003486-1A_22YL5KLT3_L6_1	(1.0, 77.73192836273213)	(2.0, 12.778421734016407)	(3.0, 2.721519933199841)	(4.0, 1.1044793816916265)	(5.0, 0.5662570274752179)	(6.0, 0.42290869142860277)	(7.0, 0.3494437253995579)	(8.0, 0.31408007159343415)	(9.0, 0.239702023712003)	('>10', 2.543236275649287)	('>50', 0.4920392111896217)	('>100', 0.49043556869109534)	('>500', 0.07080291475393212)	('>1k', 0.12136376971493251)	('>5k', 0.053381308752230065)	('>10k+', 0.0)
S1E12_DKDL250003486-1A_22YL5KLT3_L6_2	(1.0, 78.23633161509336)	(2.0, 12.400793812208112)	(3.0, 2.5887190300460463)	(4.0, 1.0555319852418417)	(5.0, 0.6118773106402039)	(6.0, 0.4429068695227815)	(7.0, 0.38991546565258134)	(8.0, 0.31627099082930504)	(9.0, 0.23091408389664106)	('>10', 2.348176663657395)	('>50', 0.4115533500765014)	('>100', 0.3692771233354192)	('>500', 0.04800233904782959)	('>1k', 0.13940245282541883)	('>5k', 0.0)	('>10k+', 0.4103269079266714)
S1E12_val_1	(1.0, 78.06253080501277)	(2.0, 12.83572208040275)	(3.0, 2.7031506973419837)	(4.0, 1.0752714517151576)	(5.0, 0.5591953033149564)	(6.0, 0.4095110247963394)	(7.0, 0.3480510064704748)	(8.0, 0.3044782795501142)	(9.0, 0.23197730382830553)	('>10', 2.461046509456445)	('>50', 0.4765894212977428)	('>100', 0.4302443032619859)	('>500', 0.021777841169796093)	('>1k', 0.026646050399536155)	('>5k', 0.05380792198156134)	('>10k+', 0.0)
S1E12_val_2	(1.0, 78.41679453788088)	(2.0, 12.479567270995213)	(3.0, 2.5975701785969103)	(4.0, 1.044124482917941)	(5.0, 0.6118219942709221)	(6.0, 0.4325168857886598)	(7.0, 0.38346093628676386)	(8.0, 0.3117127724705998)	(9.0, 0.22926154009342536)	('>10', 2.3083877966837525)	('>50', 0.391323992968107)	('>100', 0.3183289125175343)	('>500', 0.02438926173361596)	('>1k', 0.06725206894932678)	('>5k', 0.0)	('>10k+', 0.38348736784643317)
S1E13_DKDL250003486-1A_22YL5KLT3_L6_1	(1.0, 76.0990880315181)	(2.0, 13.177359189040933)	(3.0, 3.0333113640828717)	(4.0, 1.0988646959487678)	(5.0, 0.6404123939226766)	(6.0, 0.5033903892418203)	(7.0, 0.35746435345699423)	(8.0, 0.3220696919962687)	(9.0, 0.26614357487527684)	('>10', 2.9699277624799754)	('>50', 0.6387822033408658)	('>100', 0.7488003085082413)	('>500', 0.06334584817695586)	('>1k', 0.04938841105318283)	('>5k', 0.031651782357044)	('>10k+', 0.0)
S1E13_DKDL250003486-1A_22YL5KLT3_L6_2	(1.0, 76.70113787612796)	(2.0, 12.699431840399585)	(3.0, 2.8539782305144907)	(4.0, 1.0662151645928413)	(5.0, 0.6102307278844332)	(6.0, 0.44549516234131126)	(7.0, 0.3834241643702381)	(8.0, 0.3542866595195565)	(9.0, 0.26827823046704724)	('>10', 2.9005727450682826)	('>50', 0.6181692866351763)	('>100', 0.524577151988747)	('>500', 0.03423664421738923)	('>1k', 0.0921143365744779)	('>5k', 0.0)	('>10k+', 0.44785177929842135)
S1E13_val_1	(1.0, 76.14112347183321)	(2.0, 13.19914737672883)	(3.0, 3.0347686694130247)	(4.0, 1.0850267123842672)	(5.0, 0.6395157527324833)	(6.0, 0.502471826509359)	(7.0, 0.35954993475377955)	(8.0, 0.3180794415623417)	(9.0, 0.2611166115181021)	('>10', 2.9559567843992847)	('>50', 0.6358327609031991)	('>100', 0.726056881665946)	('>500', 0.06015517464842258)	('>1k', 0.049474911563232776)	('>5k', 0.03172368938460355)	('>10k+', 0.0)
S1E13_val_2	(1.0, 76.72371605623057)	(2.0, 12.73072215810134)	(3.0, 2.84661371754379)	(4.0, 1.062454758339131)	(5.0, 0.6113679503076612)	(6.0, 0.447605718214604)	(7.0, 0.38250962133400973)	(8.0, 0.35336497509458076)	(9.0, 0.26429645829115467)	('>10', 2.891276344704775)	('>50', 0.6097410045588066)	('>100', 0.5150742284746189)	('>500', 0.03106026042284716)	('>1k', 0.09234763159197462)	('>5k', 0.0)	('>10k+', 0.4378491167902325)
S1S21_DKDL250003486-1A_22YL5KLT3_L6_1	(1.0, 77.35407090904765)	(2.0, 13.017613012107693)	(3.0, 2.791293525536158)	(4.0, 1.0791371026221042)	(5.0, 0.6191221903384493)	(6.0, 0.40031954560854405)	(7.0, 0.3659839495217977)	(8.0, 0.26983454092491266)	(9.0, 0.24109781716270268)	('>10', 2.6156999220713995)	('>50', 0.5209755918310589)	('>100', 0.5666492185685917)	('>500', 0.06740839955521472)	('>1k', 0.05766452239803474)	('>5k', 0.03312975270564597)	('>10k+', 0.0)
S1S21_DKDL250003486-1A_22YL5KLT3_L6_2	(1.0, 77.96961255759352)	(2.0, 12.680338200010565)	(3.0, 2.634583638108611)	(4.0, 1.0257803423933498)	(5.0, 0.5987116066103327)	(6.0, 0.40443923506422746)	(7.0, 0.3349834755862722)	(8.0, 0.2510779593461242)	(9.0, 0.24459854956160265)	('>10', 2.5095776971360655)	('>50', 0.48300590863964016)	('>100', 0.42643926103640456)	('>500', 0.03357435772207371)	('>1k', 0.0624922691251582)	('>5k', 0.0)	('>10k+', 0.34078494206594084)
S1S21_val_1	(1.0, 77.59014614339594)	(2.0, 13.078924772954196)	(3.0, 2.785617449831034)	(4.0, 1.0700446400199652)	(5.0, 0.6116362666815107)	(6.0, 0.38457738966016775)	(7.0, 0.35320922053369175)	(8.0, 0.27110750543390955)	(9.0, 0.2301836743712786)	('>10', 2.517760120778385)	('>50', 0.49530409503318545)	('>100', 0.5202694046868317)	('>500', 0.036734620534982276)	('>1k', 0.02098367925774055)	('>5k', 0.033501016827299744)	('>10k+', 0.0)
S1S21_val_2	(1.0, 78.08055307416517)	(2.0, 12.781429211285428)	(3.0, 2.6372333576503966)	(4.0, 1.0184572791966655)	(5.0, 0.5790837464164124)	(6.0, 0.3966931425118979)	(7.0, 0.32315125447640075)	(8.0, 0.2553075789687073)	(9.0, 0.24479361195385566)	('>10', 2.4405395108313765)	('>50', 0.4643271567493618)	('>100', 0.38407621126262265)	('>500', 0.022758637316778848)	('>1k', 0.0455304575839108)	('>5k', 0.0)	('>10k+', 0.32606576963127043)
S1S22_DKDL250003486-1A_22YL5KLT3_L6_1	(1.0, 77.08633448304073)	(2.0, 13.107312996598697)	(3.0, 2.8788324759070947)	(4.0, 1.0098865343881145)	(5.0, 0.5670078888013614)	(6.0, 0.44173658793603915)	(7.0, 0.33798763942419263)	(8.0, 0.266052827394078)	(9.0, 0.2799473055068858)	('>10', 2.730338094854484)	('>50', 0.5193054091577181)	('>100', 0.5656865096978814)	('>500', 0.0699364873586959)	('>1k', 0.111063454144148)	('>5k', 0.028571305790105077)	('>10k+', 0.0)
S1S22_DKDL250003486-1A_22YL5KLT3_L6_2	(1.0, 77.70382133634789)	(2.0, 12.765155810637955)	(3.0, 2.6767693500698306)	(4.0, 0.9994815928912094)	(5.0, 0.5726572329670887)	(6.0, 0.414577506122962)	(7.0, 0.3401952984502907)	(8.0, 0.29871580702985634)	(9.0, 0.26207168845165707)	('>10', 2.546486827513903)	('>50', 0.4558537585819894)	('>100', 0.4446413985970811)	('>500', 0.06941039201467106)	('>1k', 0.09317216722126391)	('>5k', 0.0)	('>10k+', 0.35698983310233007)
S1S22_val_1	(1.0, 77.45934186405279)	(2.0, 13.21120604481108)	(3.0, 2.8833666192146246)	(4.0, 0.9794361438977627)	(5.0, 0.548845475505115)	(6.0, 0.42232450480518313)	(7.0, 0.3173479152063625)	(8.0, 0.2634826499240738)	(9.0, 0.2743557344941433)	('>10', 2.593524053371515)	('>50', 0.4758781372330286)	('>100', 0.4769234045622171)	('>500', 0.0441986420723312)	('>1k', 0.020791823904260567)	('>5k', 0.02897698694540879)	('>10k+', 0.0)
S1S22_val_2	(1.0, 77.94556031160045)	(2.0, 12.904886434120602)	(3.0, 2.676535429979406)	(4.0, 0.9669255271348794)	(5.0, 0.5554581136280048)	(6.0, 0.40615971478893487)	(7.0, 0.3366935594949205)	(8.0, 0.28200988993708653)	(9.0, 0.2503385972948055)	('>10', 2.459628548592026)	('>50', 0.42805045036876427)	('>100', 0.3801558560305473)	('>500', 0.03570642301955336)	('>1k', 0.04128481290604813)	('>5k', 0.0)	('>10k+', 0.3306063311040566)
S1S23_DKDL250003486-1A_22YL5KLT3_L6_1	(1.0, 76.38073515912205)	(2.0, 13.478673201350338)	(3.0, 3.0773976105247693)	(4.0, 1.1061656529780861)	(5.0, 0.6490836468285826)	(6.0, 0.4584536697386804)	(7.0, 0.3455611603367251)	(8.0, 0.3495678850881351)	(9.0, 0.26621111919362894)	('>10', 2.6705842233256)	('>50', 0.5563889488946168)	('>100', 0.546441683008969)	('>500', 0.05297543230319725)	('>1k', 0.02459271135192366)	('>5k', 0.03716789595477805)	('>10k+', 0.0)
S1S23_DKDL250003486-1A_22YL5KLT3_L6_2	(1.0, 77.02178392800934)	(2.0, 13.038816970171633)	(3.0, 2.8675021016765108)	(4.0, 1.0500103477092344)	(5.0, 0.6185609822541726)	(6.0, 0.481781752603248)	(7.0, 0.3412107662282367)	(8.0, 0.28967945702614706)	(9.0, 0.26822132490417183)	('>10', 2.5567774246220742)	('>50', 0.48184822703404345)	('>100', 0.4211867059455711)	('>500', 0.023461090238719295)	('>1k', 0.05786675245324683)	('>5k', 0.0)	('>10k+', 0.4812921691235655)
S1S23_val_1	(1.0, 76.50050674215477)	(2.0, 13.52632651868605)	(3.0, 3.0637852183219834)	(4.0, 1.1036765435741938)	(5.0, 0.6433687481350563)	(6.0, 0.45566193793668813)	(7.0, 0.34372126673492315)	(8.0, 0.3457035757985825)	(9.0, 0.25924507631758487)	('>10', 2.6146830132378884)	('>50', 0.5491474051954016)	('>100', 0.5133196256945207)	('>500', 0.024959133689667935)	('>1k', 0.018510016678682562)	('>5k', 0.03738517784419801)	('>10k+', 0.0)
S1S23_val_2	(1.0, 77.08604754947753)	(2.0, 13.09855935080361)	(3.0, 2.8511956911378245)	(4.0, 1.0626080126803052)	(5.0, 0.6129252321615666)	(6.0, 0.47103413369523983)	(7.0, 0.33740121482843893)	(8.0, 0.2908810705645899)	(9.0, 0.2603011411360294)	('>10', 2.5388854483772074)	('>50', 0.4767085424762153)	('>100', 0.3931218909358803)	('>500', 0.01177062968137824)	('>1k', 0.05103889017184464)	('>5k', 0.0)	('>10k+', 0.4575212018724627)
