Sample	0	1	2	3	4	5	6	7	8	9	10	11	12	13	14	15	16	17	18	19	20	21	22	23	24	25	26
S1E11_DKDL250003486-1A_22YL5KLT3_L6_1	(150, 22589065.0)																										
S1E11_DKDL250003486-1A_22YL5KLT3_L6_2	(150, 22589065.0)																										
S1E11_val_1	(20, 153334.0)	(25, 323195.0)	(30, 526737.0)	(35, 627121.0)	(40, 693113.0)	(45, 725704.0)	(50, 735461.0)	(55, 735505.0)	(60, 737074.0)	(65, 723207.0)	(70, 715061.0)	(75, 702294.0)	(80, 693873.0)	(85, 681572.0)	(90, 669326.0)	(95, 652526.0)	(100, 637600.0)	(105, 619427.0)	(110, 601473.0)	(115, 580980.0)	(120, 560586.0)	(125, 541543.0)	(130, 520425.0)	(135, 502226.0)	(140, 488941.0)	(145, 2627910.0)	(150, 4595592.0)
S1E11_val_2	(20, 156531.0)	(25, 323350.0)	(30, 525269.0)	(35, 624636.0)	(40, 690171.0)	(45, 722369.0)	(50, 732039.0)	(55, 732325.0)	(60, 733552.0)	(65, 720428.0)	(70, 712913.0)	(75, 701255.0)	(80, 693535.0)	(85, 680731.0)	(90, 668582.0)	(95, 651421.0)	(100, 636026.0)	(105, 617276.0)	(110, 599881.0)	(115, 579486.0)	(120, 559103.0)	(125, 538852.0)	(130, 516052.0)	(135, 497780.0)	(140, 481749.0)	(145, 2987531.0)	(150, 4288963.0)
S1E12_DKDL250003486-1A_22YL5KLT3_L6_1	(150, 15646565.0)																										
S1E12_DKDL250003486-1A_22YL5KLT3_L6_2	(150, 15646565.0)																										
S1E12_val_1	(20, 108446.0)	(25, 228386.0)	(30, 355740.0)	(35, 420898.0)	(40, 464205.0)	(45, 484044.0)	(50, 490990.0)	(55, 489737.0)	(60, 489296.0)	(65, 481044.0)	(70, 475345.0)	(75, 467572.0)	(80, 459678.0)	(85, 450503.0)	(90, 440411.0)	(95, 430850.0)	(100, 421035.0)	(105, 407321.0)	(110, 395131.0)	(115, 382890.0)	(120, 371299.0)	(125, 358057.0)	(130, 347355.0)	(135, 337346.0)	(140, 331453.0)	(145, 1933598.0)	(150, 3479968.0)
S1E12_val_2	(20, 110821.0)	(25, 228653.0)	(30, 355003.0)	(35, 419580.0)	(40, 462234.0)	(45, 481816.0)	(50, 488767.0)	(55, 487290.0)	(60, 487067.0)	(65, 479578.0)	(70, 474271.0)	(75, 467351.0)	(80, 460237.0)	(85, 450561.0)	(90, 440316.0)	(95, 430649.0)	(100, 420741.0)	(105, 406672.0)	(110, 394479.0)	(115, 382765.0)	(120, 370854.0)	(125, 356243.0)	(130, 344158.0)	(135, 333854.0)	(140, 326192.0)	(145, 2242585.0)	(150, 3199861.0)
S1E13_DKDL250003486-1A_22YL5KLT3_L6_1	(150, 18637508.0)																										
S1E13_DKDL250003486-1A_22YL5KLT3_L6_2	(150, 18637508.0)																										
S1E13_val_1	(20, 73299.0)	(25, 173145.0)	(30, 268290.0)	(35, 343968.0)	(40, 402081.0)	(45, 444387.0)	(50, 480160.0)	(55, 503523.0)	(60, 528243.0)	(65, 543204.0)	(70, 552263.0)	(75, 557566.0)	(80, 562502.0)	(85, 562917.0)	(90, 560670.0)	(95, 552585.0)	(100, 546930.0)	(105, 536235.0)	(110, 523214.0)	(115, 507906.0)	(120, 492716.0)	(125, 477816.0)	(130, 464389.0)	(135, 446376.0)	(140, 439358.0)	(145, 2506653.0)	(150, 4536922.0)
S1E13_val_2	(20, 76029.0)	(25, 173839.0)	(30, 268090.0)	(35, 343144.0)	(40, 400774.0)	(45, 442988.0)	(50, 478620.0)	(55, 501752.0)	(60, 526535.0)	(65, 541975.0)	(70, 551700.0)	(75, 558311.0)	(80, 563494.0)	(85, 563458.0)	(90, 561018.0)	(95, 552640.0)	(100, 546898.0)	(105, 535402.0)	(110, 522933.0)	(115, 508356.0)	(120, 492694.0)	(125, 476452.0)	(130, 461072.0)	(135, 442738.0)	(140, 433370.0)	(145, 2859064.0)	(150, 4203972.0)
S1S21_DKDL250003486-1A_22YL5KLT3_L6_1	(150, 23126763.0)																										
S1S21_DKDL250003486-1A_22YL5KLT3_L6_2	(150, 23126763.0)																										
S1S21_val_1	(20, 172965.0)	(25, 374812.0)	(30, 591545.0)	(35, 708980.0)	(40, 784357.0)	(45, 818263.0)	(50, 827056.0)	(55, 824216.0)	(60, 817303.0)	(65, 799849.0)	(70, 787718.0)	(75, 768566.0)	(80, 747356.0)	(85, 728327.0)	(90, 708140.0)	(95, 681731.0)	(100, 653640.0)	(105, 628471.0)	(110, 602866.0)	(115, 574682.0)	(120, 551003.0)	(125, 529954.0)	(130, 507496.0)	(135, 485855.0)	(140, 469672.0)	(145, 2456110.0)	(150, 4261936.0)
S1S21_val_2	(20, 175595.0)	(25, 375147.0)	(30, 590675.0)	(35, 707250.0)	(40, 781945.0)	(45, 814969.0)	(50, 823894.0)	(55, 821115.0)	(60, 813959.0)	(65, 797113.0)	(70, 786226.0)	(75, 768430.0)	(80, 748249.0)	(85, 728565.0)	(90, 708693.0)	(95, 682033.0)	(100, 653362.0)	(105, 627363.0)	(110, 602358.0)	(115, 574794.0)	(120, 550824.0)	(125, 528503.0)	(130, 504009.0)	(135, 482181.0)	(140, 462301.0)	(145, 2782298.0)	(150, 3971018.0)
S1S22_DKDL250003486-1A_22YL5KLT3_L6_1	(150, 20618267.0)																										
S1S22_DKDL250003486-1A_22YL5KLT3_L6_2	(150, 20618267.0)																										
S1S22_val_1	(20, 161990.0)	(25, 336982.0)	(30, 531670.0)	(35, 637618.0)	(40, 704864.0)	(45, 733167.0)	(50, 737002.0)	(55, 730669.0)	(60, 721132.0)	(65, 703986.0)	(70, 691755.0)	(75, 676451.0)	(80, 658414.0)	(85, 641743.0)	(90, 625603.0)	(95, 605285.0)	(100, 585420.0)	(105, 564098.0)	(110, 542354.0)	(115, 520763.0)	(120, 499410.0)	(125, 479811.0)	(130, 460905.0)	(135, 440432.0)	(140, 429256.0)	(145, 2149961.0)	(150, 3753250.0)
S1S22_val_2	(20, 164645.0)	(25, 336808.0)	(30, 530527.0)	(35, 635832.0)	(40, 702443.0)	(45, 730372.0)	(50, 733920.0)	(55, 727770.0)	(60, 717814.0)	(65, 701728.0)	(70, 689948.0)	(75, 675971.0)	(80, 658838.0)	(85, 641998.0)	(90, 625449.0)	(95, 605098.0)	(100, 584966.0)	(105, 562988.0)	(110, 541911.0)	(115, 520779.0)	(120, 498922.0)	(125, 478047.0)	(130, 457546.0)	(135, 436713.0)	(140, 423486.0)	(145, 2461013.0)	(150, 3478459.0)
S1S23_DKDL250003486-1A_22YL5KLT3_L6_1	(150, 19964766.0)																										
S1S23_DKDL250003486-1A_22YL5KLT3_L6_2	(150, 19964766.0)																										
S1S23_val_1	(20, 115846.0)	(25, 256719.0)	(30, 417241.0)	(35, 501238.0)	(40, 561233.0)	(45, 590528.0)	(50, 601615.0)	(55, 601141.0)	(60, 603022.0)	(65, 597746.0)	(70, 594350.0)	(75, 586050.0)	(80, 579510.0)	(85, 567286.0)	(90, 558078.0)	(95, 542375.0)	(100, 529770.0)	(105, 513554.0)	(110, 497609.0)	(115, 483300.0)	(120, 470205.0)	(125, 457044.0)	(130, 442194.0)	(135, 429843.0)	(140, 421425.0)	(145, 2615047.0)	(150, 4688859.0)
S1S23_val_2	(20, 118078.0)	(25, 256425.0)	(30, 415857.0)	(35, 499349.0)	(40, 559079.0)	(45, 588205.0)	(50, 599075.0)	(55, 599050.0)	(60, 600396.0)	(65, 595813.0)	(70, 593153.0)	(75, 586228.0)	(80, 580035.0)	(85, 567675.0)	(90, 558208.0)	(95, 542186.0)	(100, 529510.0)	(105, 512568.0)	(110, 497128.0)	(115, 484197.0)	(120, 469857.0)	(125, 455559.0)	(130, 439007.0)	(135, 426031.0)	(140, 414419.0)	(145, 2991575.0)	(150, 4344165.0)
